      max_depth ntrees stopping_rounds         model_ids  \
0            15    500               2  rf_grid_model_26   
1            15    200               3  rf_grid_model_50   
2            20    500               2  rf_grid_model_27   
3            15    500               4  rf_grid_model_86   
4            20    200               2  rf_grid_model_21   
5            15    200               2  rf_grid_model_20   
6            15    200               4  rf_grid_model_80   
7            20    500               3  rf_grid_model_57   
8            15    500               3  rf_grid_model_56   
9            25    500               4  rf_grid_model_88   
10           20    500               4  rf_grid_model_87   
11           15     50               3  rf_grid_model_38   
12           15    100               4  rf_grid_model_74   
13           20    200               3  rf_grid_model_51   
14           30    500               2  rf_grid_model_29   
15           20    200               4  rf_grid_model_81   
16           15    100               2  rf_grid_model_14   
17           30    500               3  rf_grid_model_59   
18           25    500               2  rf_grid_model_28   
19           15    100               3  rf_grid_model_44   
20           25    500               3  rf_grid_model_58   
21           20    100               4  rf_grid_model_75   
22           25    200               3  rf_grid_model_52   
23           10    500               4  rf_grid_model_85   
24           10    100               2  rf_grid_model_13   
25           30    500               4  rf_grid_model_89   
26           10    200               2  rf_grid_model_19   
27           10    500               2  rf_grid_model_25   
28           15     50               4  rf_grid_model_68   
29           10    100               4  rf_grid_model_73   
.. ..       ...    ...             ...               ...   
60            5     50               3  rf_grid_model_36   
61            5    100               4  rf_grid_model_72   
62            5    500               2  rf_grid_model_24   
63            5    200               4  rf_grid_model_78   
64            5    500               4  rf_grid_model_84   
65            5    500               3  rf_grid_model_54   
66            5    100               3  rf_grid_model_42   
67            5    200               2  rf_grid_model_18   
68            5    200               3  rf_grid_model_48   
69            5     50               2   rf_grid_model_6   
70            5     50               4  rf_grid_model_66   
71            5     10               3  rf_grid_model_30   
72           25     50               2  rf_grid_model_10   
73            5     10               2   rf_grid_model_0   
74           30     50               4  rf_grid_model_71   
75            5     10               4  rf_grid_model_60   
76           15     10               4  rf_grid_model_62   
77           25     50               4  rf_grid_model_70   
78           30     50               2  rf_grid_model_11   
79           25     50               3  rf_grid_model_40   
80           30     50               3  rf_grid_model_41   
81           20     10               3  rf_grid_model_33   
82           20     10               4  rf_grid_model_63   
83           20     10               2   rf_grid_model_3   
84           25     10               2   rf_grid_model_4   
85           25     10               4  rf_grid_model_64   
86           30     10               3  rf_grid_model_35   
87           25     10               3  rf_grid_model_34   
88           30     10               4  rf_grid_model_65   
89           30     10               2   rf_grid_model_5   

                  logloss  
0    0.005062656004987463  
1    0.005074023884996983  
2    0.005080980499581077  
3    0.005086550056103902  
4   0.0051071610903862235  
5   0.0051090769378381445  
6    0.005109835174450324  
7   0.0051104943840813285  
8    0.005115467602972438  
9    0.005117947168278191  
10   0.005134744432336634  
11   0.005142204636740063  
12   0.005149949953601925  
13   0.005157222307445171  
14   0.005157629235729222  
15   0.005158378511144995  
16   0.005168616235639958  
17   0.005170016335479608  
18   0.005176557203043208  
19  0.0051819532146406815  
20   0.005192716913559695  
21  0.0052086742743434845  
22   0.005221606587948961  
23   0.005235109034244065  
24   0.005235982080019638  
25   0.005239432929439639  
26   0.005250859404614648  
27   0.005253139727299525  
28  0.0052538774081920345  
29    0.00525593313878773  
..                    ...  
60   0.005817040922254601  
61  0.0058230267157196045  
62   0.005833471131596393  
63   0.005834176054686417  
64   0.005842092524962423  
65   0.005850033074398162  
66  0.0058504665451202436  
67   0.005870206472918625  
68  0.0058841449488000646  
69   0.005890546612043471  
70   0.005914004601144645  
71   0.005917824469886074  
72   0.005924378789617429  
73  0.0059292142985747235  
74   0.005934826589289462  
75   0.005940845656953986  
76   0.005988894338738867  
77   0.006097955791136863  
78   0.006256337923932981  
79   0.006393173908220234  
80   0.006587999900553484  
81  0.0069097610516388195  
82   0.007753686431360507  
83   0.008709123144119741  
84   0.009568923761205817  
85   0.009902450870883515  
86   0.010424522884232828  
87   0.010505354656199539  
88   0.010584963538754164  
89   0.010954244403280933  

[90 rows x 6 columns]

